# EScan - 02/02/2014 - 17:48:24 
# Motor  = I10-C-C02/OP/MONO1
# Normalized value
# I10-C-C00/CA/BAI.1144-PCI.1H-CPT.1
# I10-C-C03/DT/XBPM_DIODE.2
# Counts on the fluorescence detector: all channels# Counts on the fluorescence detector: channels up to end of ROI  1.2608e+01  6.5100e-03  1.4600e+02  4.1114e-01  2.4498e+04  8.1700e+02  2.2427e+04
  1.2609e+01  6.1540e-03  1.3500e+02  4.1655e-01  2.3936e+04  7.7500e+02  2.1937e+04
  1.2610e+01  5.7893e-03  1.3100e+02  4.2229e-01  2.4696e+04  7.8200e+02  2.2628e+04
  1.2611e+01  5.8490e-03  1.3200e+02  4.2808e-01  2.4813e+04  8.8500e+02  2.2568e+04
  1.2612e+01  5.2416e-03  1.1900e+02  4.3345e-01  2.4840e+04  8.3400e+02  2.2703e+04
  1.2613e+01  5.2620e-03  1.2200e+02  4.3900e-01  2.5309e+04  7.9300e+02  2.3185e+04
  1.2614e+01  5.4796e-03  1.2500e+02  4.4386e-01  2.4913e+04  8.0000e+02  2.2812e+04
  1.2615e+01  4.9389e-03  1.1400e+02  4.4906e-01  2.5259e+04  8.3800e+02  2.3082e+04
  1.2616e+01  5.4672e-03  1.2000e+02  4.5405e-01  2.4001e+04  7.7800e+02  2.1949e+04
  1.2617e+01  4.6292e-03  1.0300e+02  4.5908e-01  2.4473e+04  8.4600e+02  2.2250e+04
  1.2618e+01  6.5645e-03  1.4300e+02  4.6402e-01  2.3910e+04  8.1300e+02  2.1784e+04
  1.2619e+01  4.8144e-03  1.0300e+02  4.6897e-01  2.3485e+04  7.5600e+02  2.1394e+04
  1.2620e+01  5.2558e-03  1.2000e+02  4.7436e-01  2.5007e+04  7.6200e+02  2.2832e+04
  1.2621e+01  5.1337e-03  1.1500e+02  4.7923e-01  2.4702e+04  8.3000e+02  2.2401e+04
  1.2622e+01  5.7650e-03  1.2800e+02  4.8366e-01  2.4504e+04  8.3500e+02  2.2203e+04
  1.2623e+01  5.9140e-03  1.3200e+02  4.8795e-01  2.4736e+04  9.9400e+02  2.2320e+04
  1.2624e+01  5.4405e-03  1.2500e+02  4.9246e-01  2.5224e+04  8.5600e+02  2.2976e+04
  1.2625e+01  4.9461e-03  1.1200e+02  4.9672e-01  2.4849e+04  8.1500e+02  2.2644e+04
  1.2626e+01  5.0421e-03  1.1200e+02  5.0078e-01  2.4399e+04  8.2900e+02  2.2213e+04
  1.2627e+01  5.4965e-03  1.2100e+02  5.0455e-01  2.4145e+04  7.8900e+02  2.2014e+04
  1.2628e+01  5.1106e-03  1.1600e+02  5.0792e-01  2.4890e+04  7.9800e+02  2.2698e+04
  1.2629e+01  4.6083e-03  1.0300e+02  5.1151e-01  2.4606e+04  8.1600e+02  2.2351e+04
  1.2630e+01  4.1280e-03  8.8000e+01  5.1499e-01  2.3381e+04  7.2300e+02  2.1318e+04
  1.2631e+01  4.5344e-03  1.0100e+02  5.1795e-01  2.4568e+04  8.1700e+02  2.2274e+04
  1.2632e+01  4.8187e-03  1.0700e+02  5.2067e-01  2.4375e+04  7.7200e+02  2.2205e+04
  1.2633e+01  4.0297e-03  8.9000e+01  5.2308e-01  2.4258e+04  7.6000e+02  2.2086e+04
  1.2634e+01  5.8216e-03  1.2800e+02  5.2498e-01  2.4260e+04  8.7200e+02  2.1987e+04
  1.2635e+01  4.4523e-03  9.8000e+01  5.2454e-01  2.4191e+04  7.6900e+02  2.2011e+04
  1.2636e+01  5.9407e-03  1.3000e+02  5.2569e-01  2.4174e+04  8.2600e+02  2.1883e+04
  1.2637e+01  5.1699e-03  1.0500e+02  5.2933e-01  2.2407e+04  7.3400e+02  2.0310e+04
  1.2638e+01  4.9220e-03  1.0000e+02  5.3238e-01  2.2405e+04  7.7300e+02  2.0317e+04
  1.2639e+01  5.2299e-03  1.1600e+02  5.3367e-01  2.4547e+04  8.5400e+02  2.2180e+04
  1.2640e+01  4.9444e-03  1.0000e+02  5.3458e-01  2.2377e+04  7.4300e+02  2.0225e+04
  1.2641e+01  5.0328e-03  1.0200e+02  5.3489e-01  2.2334e+04  7.3600e+02  2.0267e+04
  1.2642e+01  5.1417e-03  1.1300e+02  5.3501e-01  2.4353e+04  8.3200e+02  2.1977e+04
  1.2643e+01  4.9470e-03  1.0400e+02  5.3484e-01  2.3169e+04  7.2500e+02  2.1023e+04
  1.2644e+01  4.3524e-03  9.1000e+01  5.3435e-01  2.2945e+04  7.2400e+02  2.0908e+04
  1.2645e+01  3.8599e-03  8.2000e+01  5.3345e-01  2.3349e+04  7.1200e+02  2.1244e+04
  1.2646e+01  5.1324e-03  1.0600e+02  5.3220e-01  2.2747e+04  7.2000e+02  2.0653e+04
  1.2647e+01  5.0355e-03  1.0000e+02  5.3077e-01  2.1886e+04  6.9100e+02  1.9859e+04
  1.2648e+01  4.4007e-03  8.8000e+01  5.2872e-01  2.2075e+04  6.8600e+02  1.9997e+04
  1.2649e+01  5.3331e-03  1.1000e+02  5.2661e-01  2.2866e+04  7.9100e+02  2.0626e+04
  1.2650e+01  4.9162e-03  1.0000e+02  5.2426e-01  2.2431e+04  7.3800e+02  2.0341e+04
  1.2651e+01  5.1487e-03  1.0200e+02  5.2150e-01  2.1840e+04  7.2700e+02  1.9811e+04
  1.2652e+01  5.0491e-03  1.0800e+02  5.1814e-01  2.3558e+04  7.6000e+02  2.1390e+04
  1.2653e+01  4.9466e-03  1.0700e+02  5.1413e-01  2.3854e+04  7.7700e+02  2.1631e+04
  1.2654e+01  5.4860e-03  1.2000e+02  5.1045e-01  2.4065e+04  7.9100e+02  2.1874e+04
  1.2655e+01  4.6331e-03  1.0000e+02  5.0631e-01  2.3791e+04  8.0500e+02  2.1584e+04
  1.2656e+01  5.1478e-03  1.0500e+02  5.0196e-01  2.2358e+04  6.8700e+02  2.0397e+04
  1.2657e+01  5.9291e-03  1.2000e+02  4.9695e-01  2.2288e+04  7.4600e+02  2.0239e+04
  1.2658e+01  4.6735e-03  1.0400e+02  4.9164e-01  2.4440e+04  7.4900e+02  2.2253e+04
  1.2659e+01  6.0626e-03  1.2600e+02  4.8633e-01  2.2851e+04  7.7800e+02  2.0783e+04
  1.2660e+01  6.3309e-03  1.3100e+02  4.8122e-01  2.2816e+04  7.5600e+02  2.0692e+04
  1.2661e+01  7.3930e-03  1.6000e+02  4.7510e-01  2.3902e+04  8.3800e+02  2.1642e+04
  1.2662e+01  9.2352e-03  1.9900e+02  4.6820e-01  2.3859e+04  8.7100e+02  2.1548e+04
  1.2663e+01  1.1388e-02  2.5200e+02  4.6176e-01  2.4511e+04  9.6400e+02  2.2128e+04
  1.2664e+01  9.9152e-03  2.2100e+02  4.5538e-01  2.4780e+04  9.4400e+02  2.2289e+04
  1.2665e+01  9.5565e-03  2.1700e+02  4.4805e-01  2.5063e+04  9.0600e+02  2.2707e+04
  1.2666e+01  1.0247e-02  2.2900e+02  4.4041e-01  2.4598e+04  8.6700e+02  2.2347e+04
  1.2667e+01  8.5614e-03  1.7800e+02  4.3248e-01  2.2832e+04  7.4100e+02  2.0791e+04
  1.2668e+01  8.6203e-03  1.8100e+02  4.2480e-01  2.3158e+04  8.3200e+02  2.0997e+04
  1.2669e+01  9.1629e-03  1.9200e+02  4.1733e-01  2.3158e+04  9.1900e+02  2.0954e+04
  1.2670e+01  8.3934e-03  1.7700e+02  4.0957e-01  2.3179e+04  8.0300e+02  2.1088e+04
  1.2671e+01  8.8135e-03  1.8800e+02  4.0099e-01  2.3457e+04  8.3800e+02  2.1331e+04
  1.2672e+01  9.0901e-03  2.0400e+02  3.9237e-01  2.4594e+04  8.8300e+02  2.2442e+04
  1.2673e+01  7.7192e-03  1.7000e+02  3.8423e-01  2.4046e+04  7.9100e+02  2.2023e+04
  1.2674e+01  8.3883e-03  1.7800e+02  3.7592e-01  2.3288e+04  8.9900e+02  2.1220e+04
  1.2675e+01  8.4015e-03  1.8600e+02  3.6710e-01  2.4283e+04  8.6900e+02  2.2139e+04
  1.2676e+01  8.8059e-03  1.9800e+02  3.5792e-01  2.4673e+04  9.3700e+02  2.2485e+04
  1.2677e+01  8.5969e-03  1.8100e+02  3.4971e-01  2.3047e+04  8.5300e+02  2.1054e+04
  1.2678e+01  6.5905e-03  1.5400e+02  3.4088e-01  2.5380e+04  8.1600e+02  2.3367e+04
  1.2679e+01  8.2342e-03  1.8900e+02  3.3179e-01  2.5026e+04  9.1000e+02  2.2953e+04
  1.2680e+01  7.0168e-03  1.6500e+02  3.2225e-01  2.5530e+04  8.3200e+02  2.3515e+04
  1.2681e+01  9.5880e-03  2.0900e+02  3.1296e-01  2.3786e+04  9.4000e+02  2.1798e+04
  1.2682e+01  7.2450e-03  1.5500e+02  3.0413e-01  2.3262e+04  7.6500e+02  2.1394e+04
  1.2683e+01  7.8727e-03  1.8200e+02  2.9548e-01  2.5039e+04  8.7800e+02  2.3118e+04
  1.2684e+01  7.2067e-03  1.6200e+02  2.8675e-01  2.4413e+04  8.3400e+02  2.2479e+04
  1.2685e+01  7.9237e-03  1.8200e+02  2.7791e-01  2.4867e+04  8.4100e+02  2.2969e+04
  1.2686e+01  7.3869e-03  1.6800e+02  2.6903e-01  2.4640e+04  8.3300e+02  2.2743e+04
  1.2687e+01  7.5533e-03  1.7100e+02  2.6076e-01  2.4608e+04  9.6300e+02  2.2639e+04
  1.2688e+01  7.1640e-03  1.6000e+02  2.5265e-01  2.4101e+04  7.8900e+02  2.2334e+04
  1.2689e+01  7.0101e-03  1.5500e+02  2.4398e-01  2.3903e+04  8.0400e+02  2.2111e+04
  1.2690e+01  7.1186e-03  1.5500e+02  2.3521e-01  2.3463e+04  7.8600e+02  2.1774e+04
  1.2691e+01  6.9733e-03  1.5100e+02  2.2709e-01  2.3369e+04  8.1100e+02  2.1654e+04
  1.2692e+01  6.8350e-03  1.4400e+02  2.1966e-01  2.2737e+04  7.8800e+02  2.1068e+04
  1.2693e+01  8.1466e-03  1.7200e+02  2.1313e-01  2.2867e+04  8.6000e+02  2.1113e+04
  1.2694e+01  6.3884e-03  1.3500e+02  2.0520e-01  2.2772e+04  7.4100e+02  2.1132e+04
  1.2695e+01  7.7986e-03  1.6200e+02  1.9729e-01  2.2442e+04  7.7500e+02  2.0773e+04
  1.2696e+01  6.8560e-03  1.3400e+02  1.8970e-01  2.0986e+04  7.0400e+02  1.9545e+04
  1.2697e+01  8.4355e-03  1.6300e+02  1.8315e-01  2.0816e+04  7.2600e+02  1.9323e+04
  1.2698e+01  7.1338e-03  1.3000e+02  1.7627e-01  1.9622e+04  6.7200e+02  1.8223e+04
  1.2699e+01  7.0353e-03  1.2900e+02  1.6958e-01  1.9881e+04  8.0000e+02  1.8336e+04
  1.2700e+01  8.1504e-03  1.4700e+02  1.6272e-01  1.9354e+04  6.5600e+02  1.8036e+04
  1.2701e+01  7.4542e-03  1.3100e+02  1.5679e-01  1.8790e+04  6.0100e+02  1.7574e+04
  1.2702e+01  7.3301e-03  1.2500e+02  1.5067e-01  1.8240e+04  5.9000e+02  1.7053e+04
  1.2703e+01  7.5831e-03  1.2600e+02  1.4471e-01  1.7823e+04  5.8400e+02  1.6616e+04
  1.2704e+01  7.4347e-03  1.2500e+02  1.3876e-01  1.7932e+04  5.8300e+02  1.6813e+04
  1.2705e+01  7.7267e-03  1.2600e+02  1.3312e-01  1.7416e+04  5.7700e+02  1.6307e+04
  1.2706e+01  8.3204e-03  1.3900e+02  1.2808e-01  1.7989e+04  6.9100e+02  1.6706e+04
  1.2707e+01  8.2826e-03  1.3600e+02  1.2302e-01  1.7521e+04  5.9100e+02  1.6420e+04
  1.2708e+01  7.9415e-03  1.2600e+02  1.1783e-01  1.6955e+04  5.7600e+02  1.5866e+04
# Duration = 101.80 sec
